place(-3.083, 1.000, -3.051, "Brawler", 300)
place(3.418, 1.000, -3.081, "Brawler", 300)
place(14.652, 1.000, 28.864, "Farm", 300)
upgrade(14.652, 1.975, 28.864, 200)
place(14.555, 1.000, 32.898, "Farm", 300)
upgrade(14.555, 1.975, 32.898, 200)
place(10.705, 1.000, 32.181, "Farm", 300)
upgrade(10.705, 1.975, 32.181, 200)
place(10.779, 1.000, 28.376, "Farm", 300)
upgrade(10.779, 1.975, 28.376, 200)
place(-2.961, 1.000, 3.171, "Brawler", 300)
place(2.966, 1.000, 3.339, "Brawler", 300)
upgrade(2.966, 2.350, 3.339, 150)
upgrade(-2.961, 2.350, 3.171, 150)
upgrade(3.418, 2.350, -3.081, 150)
upgrade(-3.083, 2.350, -3.051, 150)
upgrade(10.779, 1.975, 28.376, 600)
upgrade(10.705, 1.975, 32.181, 600)
upgrade(14.652, 1.975, 28.864, 600)
upgrade(14.555, 1.975, 32.898, 600)
place(8.478, 1.000, 10.272, "Crook Boss", 2000)
place(11.258, 1.000, 8.870, "Soldier", 450)
upgrade(11.258, 2.350, 8.870, 150)
upgrade(11.258, 2.350, 8.870, 800)
place(11.486, 1.000, 11.887, "Soldier", 450)
upgrade(11.486, 2.350, 11.887, 150)
upgrade(11.486, 2.350, 11.887, 800)
place(8.162, 1.000, 12.355, "Soldier", 450)
upgrade(8.162, 2.350, 12.355, 150)
place(8.154, 1.000, 9.306, "Soldier", 450)
upgrade(8.154, 2.350, 9.306, 150)
upgrade(8.154, 2.350, 9.306, 800)
upgrade(8.162, 2.350, 12.355, 800)
upgrade(10.779, 1.975, 28.376, 1250)
upgrade(14.652, 1.975, 28.864, 1250)
upgrade(14.555, 1.975, 32.898, 1250)
upgrade(10.705, 1.975, 32.181, 1250)
upgrade(-2.961, 2.350, 3.171, 750)
upgrade(2.966, 2.350, 3.339, 750)
upgrade(3.418, 2.350, -3.081, 750)
upgrade(-3.083, 2.350, -3.051, 750)
upgrade(10.779, 1.975, 28.376, 2500)
upgrade(10.705, 1.975, 32.181, 2500)
upgrade(14.555, 1.975, 32.898, 2500)
upgrade(14.652, 1.975, 28.864, 2500)
place(11.345, 1.000, 15.225, "Crook Boss", 2000)
place(7.824, 1.000, 15.833, "Crook Boss", 2000)
place(5.293, 1.000, 14.183, "Crook Boss", 2000)
place(5.307, 1.000, 10.748, "Crook Boss", 2000)
place(15.689, 1.000, 12.350, "DJ Booth", 850)
place(14.342, 1.000, 8.188, "Brawler", 300)
sell(14.342, 2.350, 8.188)
place(14.614, 1.000, 8.018, "Crook Boss", 2000)
upgrade(14.614, 2.350, 8.018, 1250)
upgrade(14.652, 1.975, 28.864, 4500)
upgrade(10.779, 1.975, 28.376, 4500)
upgrade(14.555, 1.975, 32.898, 4500)
upgrade(10.705, 1.975, 32.181, 4500)
upgrade(8.154, 2.350, 9.306, 3750)
upgrade(11.258, 2.350, 8.870, 3750)
SetDjTrack(15.689, 2.365, 12.350, "Green", 4878)
upgrade(15.689, 2.365, 12.350, 300)
upgrade(15.689, 2.365, 12.350, 1250)
upgrade(15.689, 2.365, 12.350, 3000)
DropTheBeat(15.689, 2.365, 12.350, 4358)
upgrade(15.689, 2.365, 12.350, 8000)
upgrade(5.307, 2.350, 10.748, 1250)
upgrade(5.307, 2.350, 10.748, 3400)
upgrade(7.824, 2.350, 15.833, 1250)
upgrade(7.824, 2.350, 15.833, 3400)
DropTheBeat(15.689, 2.365, 12.350, 1208)
upgrade(5.293, 2.350, 14.183, 1250)
upgrade(5.293, 2.350, 14.183, 3400)
upgrade(11.345, 2.350, 15.225, 1250)
upgrade(11.345, 2.350, 15.225, 3400)
upgrade(-3.083, 2.350, -3.051, 1500)
upgrade(3.418, 2.350, -3.081, 1500)
upgrade(2.966, 2.350, 3.339, 1500)
upgrade(-2.961, 2.350, 3.171, 1500)
DropTheBeat(15.689, 2.365, 12.350, 5992)
upgrade(11.486, 2.350, 11.887, 3750)
upgrade(8.162, 2.350, 12.355, 3750)
DropTheBeat(15.689, 2.365, 12.350, 19077)
upgrade(15.689, 2.365, 12.350, 20000)
upgrade(-3.083, 2.350, -3.051, 3000)
upgrade(3.418, 2.350, -3.081, 3000)
upgrade(3.418, 2.350, -3.081, 8250)
upgrade(-3.083, 2.350, -3.051, 8250)
DropTheBeat(15.689, 2.365, 12.350, 6631)
upgrade(2.966, 2.350, 3.339, 3000)
upgrade(2.966, 2.350, 3.339, 8250)
upgrade(-2.961, 2.350, 3.171, 3000)
upgrade(-2.961, 2.350, 3.171, 8250)
place(3.185, 1.000, -5.493, "Brawler", 300)
place(-2.810, 1.000, -6.713, "Brawler", 300)
DropTheBeat(15.689, 2.365, 12.350, 11100)
upgrade(3.185, 2.350, -5.493, 150)
upgrade(3.185, 2.350, -5.493, 750)
upgrade(3.185, 2.350, -5.493, 1500)
upgrade(3.185, 2.350, -5.493, 3000)
upgrade(3.185, 2.350, -5.493, 8250)
upgrade(-2.810, 2.350, -6.713, 150)
upgrade(-2.810, 2.350, -6.713, 750)
upgrade(-2.810, 2.350, -6.713, 1500)
upgrade(-2.810, 2.350, -6.713, 3000)
upgrade(-2.810, 2.350, -6.713, 8250)
DropTheBeat(15.689, 2.365, 12.350, 9200)
upgrade(8.162, 2.350, 12.355, 12000)
upgrade(8.154, 2.350, 9.306, 12000)
upgrade(11.486, 2.350, 11.887, 12000)
DropTheBeat(15.689, 2.365, 12.350, 11052)
upgrade(11.258, 2.350, 8.870, 12000)
upgrade(5.307, 2.350, 10.748, 16500)
upgrade(5.293, 2.350, 14.183, 16500)
DropTheBeat(15.689, 2.365, 12.350, 12094)
upgrade(7.824, 2.350, 15.833, 16500)
upgrade(11.345, 2.350, 15.225, 16500)
upgrade(14.614, 2.350, 8.018, 3400)
upgrade(14.614, 2.350, 8.018, 16500)
DropTheBeat(15.689, 2.365, 12.350, 10923)
DropTheBeat(15.689, 2.365, 12.350, 42877)
upgrade(11.345, 2.350, 15.225, 50000)
upgrade(7.824, 2.350, 15.833, 50000)
DropTheBeat(15.689, 2.365, 12.350, 16976)
upgrade(5.293, 2.350, 14.183, 50000)
DropTheBeat(15.689, 2.365, 12.350, 17993)
upgrade(14.614, 2.350, 8.018, 50000)
DropTheBeat(15.689, 2.365, 12.350, 16632)
upgrade(5.307, 2.350, 10.748, 50000)
SetDjTrack(15.689, 2.365, 12.350, "Red", 29031)
DropTheBeat(15.689, 2.365, 12.350, 31084)
DropTheBeat(15.689, 2.365, 12.350, 65024)
place(5.591, 1.000, 7.103, "Soldier", 450)
upgrade(5.591, 2.350, 7.103, 150)
upgrade(5.591, 2.350, 7.103, 800)
upgrade(5.591, 2.350, 7.103, 3750)
upgrade(5.591, 2.350, 7.103, 12000)
place(8.950, 1.000, 5.934, "Soldier", 450)
upgrade(8.950, 2.350, 5.934, 150)
upgrade(8.950, 2.350, 5.934, 800)
upgrade(8.950, 2.350, 5.934, 3750)
upgrade(8.950, 2.350, 5.934, 12000)
DropTheBeat(15.689, 2.365, 12.350, 133755)
place(5.729, 1.000, 17.981, "Soldier", 450)
upgrade(5.729, 2.350, 17.981, 150)
DropTheBeat(15.689, 2.365, 12.350, 225163)
DropTheBeat(15.689, 2.365, 12.350, 229163)
DropTheBeat(15.689, 2.365, 12.350, 233036)
